34252
12101
00360
75548
07709
52830
75053
09729
66844
95421
81592
75324
40563
57827
15817
07710
56343
82362
51566
05959
36865
53272
73408
51694
30714
97851
07711
77524
19681
92559
64439
83387
12377
55610
65035
63576
97546
07712
59771
31357
46753
02263
31510
41333
85827
84148
32006
35143
07713
52248
98840
23660
98225
54944
09699
24379
49315
02128
13671
07714
58508
14992
03234
01920
47988
79062
86408
25225
15543
54112
07715
02756
64614
32339
54742
74049
45779
95444
25110
51584
51712
07716
53701
06335
54695
53278
92284
00353
61812
66880
52806
15574
07717
90681
56563
54264
51848
86612
00149
36227
12190
25749
01207
07718
17333
65757
18383
49083
29810
52124
94474
00657
40838
20313
07719
90581
95142
67561
04637
76584
38506
77044
10683
34253
41717
07720
28590
16901
31323
18064
97982
62963
82458
08559
95137
23992
07721
39819
05631
57201
49206
99855
77206
85150
79120
08241
19360
07722
53525
66535
34288
63599
18259
04294
07656
65826
32466
69551
07723
30154
61583
06599
01352
28571
31979
06748
77789
55057
23012
07724
20174
01484
94682
20757
75878
12315
88676
16330
07917
15227
07725
47517
31620
70500
24801
91043
90191
53551
96556
58245
05049
07726
89536
81917
96439
35798
82621
73071
21699
27829
51483
00347
07727
98516
30082
18897
27242
43456
09079
93934
13567
31910
21206
07728
44519
17380
21971
46503
92270
09390
49108
40422
28105
61209
07729
10567
47725
55733
87051
34818
93005
62774
71574
83633
10826
07730
39495
62710
36530
24780
43069
38504
73572
44036
51138
85529
07731
27540
81700
35071
58106
66109
92974
82543
56818
11997
47937
07732
09867
12925
53676
50090
43963
34639
79396
11040
27521
72689
07733
38396
97691
63842
01220
05282
50050
92435
11651
41006
76824
07734
63703
27055
84453
01620
28420
28369
78682
89912
85562
16031
07735
44399
64925
54751
01052
62654
77849
34019
45836
65599
00703
07736
63214
14419
58857
42723
53746
65922
14408
94091
08175
22601
07737
82498
99164
23367
63986
10049
57321
48584
82012
94701
32700
07738
52475
89368
68952
75979
40657
01460
06221
56096
34823
63815
07739
67298
58923
75281
94290
19514
59388
05206
73440
53201
79096
07740
62019
02139
82477
65222
00011
97664
49419
77353
13326
85374
07741
39046
05827
11931
43833
66538
01478
50070
61224
58974
06441
07742
32725
58574
58599
47540
48326
51574
95007
52139
20918
84043
07743
51277
61272
73955
05774
02446
58255
41180
30874
77980
82120
07744
59942
69987
19678
75253
30602
15145
90447
68709
94265
41460
07745
70699
91985
93458
10030
73252
90454
01169
14637
12962
66931
07746
42180
25037
62708
27725
03786
43257
45904
06422
03456
48617
07747
91593
42340
14777
62816
94552
06187
82507
68669
04650
32243
07748
69474
96063
52323
89600
36990
33740
11725
12108
15047
66681
07749
43226
07152
42580
65348
56778
90013
12312
97321
51428
75231
07750
71131
39128
95364
14727
10903
14016
73378
73765
73564
41904
07751
48082
18514
87749
69360
64239
00120
00199
44073
74187
78050
07752
59444
84054
20287
28000
66522
50656
25138
42750
09950
66181
07753
69574
76618
00681
29041
92022
40538
41542
40554
21805
65977
07754
10237
44584
45648
59357
52663
67344
99850
53830
15063
23415
07755
31770
72568
60266
85384
51489
99722
27063
17044
28926
45293
07756
34864
73275
25376
11083
40891
12974
98504
73725
14548
16700
07757
18584
23107
24383
02719
25904
82780
18475
59151
07796
02192
07758
55044
56911
70596
73282
40779
75352
71518
06624
12410
57365
07759
26097
18143
19772
57959
61179
34405
46311
37956
66790
92272
07760
62038
78396
60265
31583
73227
18344
82914
63778
07816
45858
07761
38643
06928
72877
86706
10548
86960
27422
56683
56998
96123
07762
21634
41351
60577
24488
05987
08012
91962
07432
09941
23982
07763
47678
74956
89815
55105
05321
03465
57445
65558
09516
21658
07764
10485
76044
20363
16215
69787
48078
73806
02982
94813
10102
07765
89123
19256
90275
07057
13893
70080
95104
16639
17764
40307
07766
46359
68231
11524
14318
97823
69012
32960
79903
01137
38377
07767
11111
13337
36367
27259
46555
74875
64260
60114
23164
34802
07768
21949
93827
82947
33658
40010
67437
22544
90635
48751
88964
07769
22012
76425
49624
53979
11287
90676
14287
36716
25004
85773
07770
04225
99832
11280
85155
36501
94641
97504
62713
01915
09828
07771
85631
93047
25635
32590
46206
84704
56808
21889
87226
61443
07772
88624
55002
26962
70607
83487
62949
30169
17506
12354
83559
07773
41335
13788
98115
75291
35037
28469
90041
35047
42844
24797
07774
81723
77495
79342
19732
10147
30990
86065
04117
41789
69301
07775
64942
93767
78750
14299
02267
48169
86917
28947
26618
82875
07776
30041
02318
19121
58187
48588
59568
29961
49295
11136
43713
07777
05575
35926
30140
70875
43761
66167
21498
72601
84322
26416
07778
93017
73741
51603
14682
00019
47573
83801
53070
56398
73362
07779
75691
52259
88040
31398
42421
58251
74177
69216
61422
68331
07780
04064
47683
08971
85035
12581
56098
58658
08267
59736
85113
07781
33186
57637
53859
26598
48053
79563
82120
72303
60663
31510
07782
91192
31534
82091
36005
82121
71464
41357
82235
80610
43314
07783
79721
91243
94728
52907
31722
48608
82767
02325
09283
32498
07784
43121
98232
32656
98888
39736
11805
86488
38394
07200
60514
07785
66165
67460
65172
30579
19725
93874
02872
95548
60952
82308
07786
86909
35793
09159
80879
25397
26504
18295
57163
12877
46340
07787
71009
31458
14747
34669
77710
97403
12262
42828
11547
61803
07788
95065
12882
73788
46666
86274
91095
22522
37651
77291
22267
07789
17351
61443
48925
52664
30121
36134
09430
08319
31524
55207
07790
63664
34333
62872
74118
33144
71880
63904
52070
79899
82522
07791
58640
63682
41818
48686
66859
41673
44145
25598
61587
30221
07792
32618
46635
20341
79686
94857
17799
02913
11642
32158
67960
07793
77114
73442
74497
10823
33578
50383
34998
92090
63278
04436
07794
00132
89119
56338
30217
18925
88656
94649
13334
81817
36299
07795
30649
97885
61933
11291
03467
27803
65427
39956
27929
91878
07796
20968
72973
45125
07174
70441
72318
37021
71260
98233
70064
07797
34659
62241
20011
03492
53195
02590
72610
28687
94585
56839
07798
89477
06185
65869
04520
40521
19653
43815
97642
49677
29257
07799
32858
61877
14348
55412
07166
91481
92648
31946
42710
99584
07800
30447
44742
78438
51717
25340
90286
89923
61387
18381
24589
07801
44164
60665
85334
67983
99039
73068
51501
85941
68216
08583
07802
16162
09880
18418
62739
17851
73417
79074
82789
35664
21417
07803
26377
20006
41013
78658
14849
93134
97777
27858
56950
14630
07804
61754
27716
27351
36419
04590
03692
21245
23480
20888
42321
07805
26707
58185
61655
17448
65235
51859
48190
81975
58536
00275
07806
11822
72949
38411
32667
63884
75230
93241
26698
21308
76164
07807
59952
15580
94599
40735
74690
08262
12017
41062
05448
98236
07808
19173
42725
65401
54228
22385
69500
27082
03143
40304
85498
07809
64305
93656
08263
59652
52011
56034
33883
77628
76539
12777
07810
31954
41564
23252
06551
96574
25211
77567
73836
61517
22243
07811
77417
26361
54644
55599
08640
77348
77834
21399
68846
30162
07812
40449
94534
35704
01974
14878
78755
69649
65965
67603
47536
07813
57906
89889
23993
06666
89949
32940
80120
62294
55155
54891
07814
58168
18717
29162
87814
57105
09655
66331
55497
48332
78790
07815
21855
62199
76917
94673
85922
85118
03534
15996
52249
72058
07816
82365
51412
32023
24529
88845
08082
67834
02719
76821
28396
07817
00322
24456
64702
95843
64623
49324
87883
87627
15125
00874
07818
55410
86219
24971
41576
60358
94374
08459
14126
25909
75683
07819
92993
30649
44001
66442
31043
90736
62692
20250
97869
21664
07820
06920
20918
19686
96926
68127
72138
81604
88236
01447
58703
07821
41175
74374
62223
84351
36660
22981
89296
99302
63148
22380
07822
57722
07619
45268
43628
13513
47258
50724
41764
58440
89329
07823
27865
04935
68065
27224
34062
02585
49201
58111
52225
86916
07824
05602
17997
77191
51183
31776
56866
98464
93899
26914
41391
07825
86924
40584
34346
91017
24793
97388
81775
64342
69217
29316
07826
99944
24070
73258
20746
73078
11600
42296
34701
53709
78466
07827
00773
92937
27362
04108
87224
87138
96033
04880
89704
02418
07828
24142
96876
31647
34761
67265
68955
37562
90795
01582
92743
07829
10749
59762
44628
15182
69326
77861
30967
62882
16526
65288
07830
43999
42878
34480
22884
55486
34432
05305
33353
21428
74944
07831
05522
79960
64251
43762
37615
12825
63660
04268
69205
14016
07832
15149
68345
28032
09358
11471
80169
50298
63288
68366
26528
07833
53510
56715
23351
60928
50021
84031
14220
42336
15133
15031
07834
22958
91979
60487
68841
35384
51908
72586
08181
57770
23357
07835
12172
82875
72670
77920
83226
06557
91626
56495
75134
17065
07836
97485
41986
98946
54943
58163
73073
46597
24120
41173
26391
07837
06429
17190
32768
94805
47754
71958
57896
23781
40427
06479
07838
61152
76267
62201
65171
07337
82622
26188
71393
35101
41465
07839
44386
45787
73359
16972
66820
31020
96866
71153
60731
94020
07840
07275
55585
90711
18179
36327
61738
33289
07412
61923
56387
07841
73746
87131
73706
30784
18651
13686
28451
32681
69172
21099
07842
83266
21104
49554
26849
34233
96817
99961
98295
69252
70875
07843
23676
44187
81852
61523
59395
29411
36507
44110
18831
70096
07844
87537
80583
52191
30359
06303
90660
41529
25966
53002
39505
07845
20216
78312
25185
85110
75504
85557
94823
08803
11683
34890
07846
81439
25397
83613
26459
86574
71952
47189
81974
95511
64809
07847
99126
36900
42473
68507
74692
97542
58847
52905
00341
76322
07848
21317
84609
36024
88040
25242
46032
84016
28125
70249
72604
07849
22756
01473
87039
83837
05328
59321
68440
51121
87534
88506
07850
43356
55180
92118
73843
07564
01724
37290
98283
54204
91235
07851
86376
68738
15169
35843
54283
37658
78421
53362
47133
21663
07852
20527
05640
48495
78308
54831
66373
88307
02895
81329
09029
07853
08866
02937
03341
89256
25902
75330
75765
51175
20413
46552
07854
32305
59293
93997
51484
09409
02754
92701
05532
99947
74970
07855
35039
54343
11330
06406
39293
44127
74169
54089
13515
99185
07856
09311
00934
51151
44475
54315
71527
36411
46255
04486
56826
07857
66053
04912
32228
54584
36993
62523
56824
96748
38236
52514
07858
56120
10998
22562
80921
64819
61104
27644
33921
49903
88162
07859
94676
25721
07532
82459
24559
88298
91713
05887
36455
91029
07860
32037
83709
11005
04673
87670
42046
10581
02319
20761
40238
07861
62293
39840
95869
26527
32839
35313
64828
68210
24800
51849
07862
91197
71366
04140
61519
33865
00322
18164
64750
42663
69083
07863
69508
51643
02424
57147
27312
99170
35674
65634
70224
17063
07864
84264
65857
62363
73634
02921
98128
24539
22132
60435
74495
07865
41000
62892
86842
49113
83965
07469
16698
81398
66266
92399
07866
30766
44137
36700
64267
86410
07734
71223
42875
84599
21158
07867
03871
07437
11990
71633
65817
67776
62097
74688
59503
42179
07868
72709
99653
41007
83944
68232
47755
16686
36081
67858
09342
07869
54034
95804
82996
52554
61071
94290
26712
29374
42936
56902
07870
01940
20417
78557
27507
84024
51654
86319
68400
98525
35365
07871
42110
22103
04298
76879
48067
22765
27590
10845
34868
90369
07872
88812
62556
54193
35941
21519
58851
95755
84144
48209
25514
07873
25188
87474
86844
78324
94934
83525
36281
65923
58628
59155
07874
95968
07259
17613
30080
43035
11103
48894
25594
72796
67625
07875
15534
74455
48804
93245
33515
51087
44378
99766
26504
03274
07876
39979
38465
07843
40551
00321
30459
11349
66700
04210
08686
07877
04233
47425
64780
74072
00173
67074
40274
65886
27468
15164
07878
51172
78716
00753
15824
17547
91022
25283
74058
84310
72921
07879
90326
08051
46599
41477
91326
02231
38643
27720
32832
67413
07880
14992
91213
18428
28273
42106
80089
81247
61967
62897
65037
07881
09552
45945
28957
82643
97294
42898
82926
61051
50871
40713
07882
35326
99067
89177
85775
36572
50696
95717
55077
90335
28700
07883
53366
23422
47433
05087
14721
83653
26964
51958
11608
04272
07884
87639
78335
92223
20184
22935
22400
20285
17441
79341
31028
07885
84673
51569
27247
78350
80231
27628
27396
32619
68427
60149
07886
74118
72166
17054
16731
84636
97575
27053
35204
89428
32588
07887
00086
80254
83019
39976
24047
50810
66482
51759
08680
79901
07888
62189
76540
22800
10865
13855
49299
33846
84461
15481
00967
07889
06164
39142
12219
02483
52823
51194
57328
35839
15086
62888
07890
61798
90793
36862
41342
82684
12328
00929
19617
96019
47296
07891
88810
01994
54639
16172
86999
30632
64089
12768
52609
16656
07892
00569
22232
23821
41323
24103
02319
37531
57269
98019
46592
07893
60545
29273
31049
12220
91062
97693
45199
39094
33408
01832
07894
18840
08717
14406
16365
74809
31211
39071
50571